id: 2, x: 2.9755616, y: 3.2956757
id: 0, x: 1.4612703, y: 1.5511808
id: 1, x: 2.8120884, y: 1.4861402
id: 3, x: 1.6797928, y: 3.4327397
